{
 "cells": [
  {
   "cell_type": "code",
   "execution_count": 1,
   "metadata": {},
   "outputs": [],
   "source": [
    "import pandas as pd\n"
   ]
  },
  {
   "cell_type": "code",
   "execution_count": 2,
   "metadata": {},
   "outputs": [],
   "source": [
    "# (a)\n",
    "\n",
    "Auto = pd.read_csv('Auto.csv')\n",
    "mpg_median = Auto['mpg'].median()\n",
    "Auto['mpg01'] = (Auto.mpg > mpg_median)\n"
   ]
  },
  {
   "cell_type": "code",
   "execution_count": 3,
   "metadata": {},
   "outputs": [
    {
     "data": {
      "text/html": [
       "<div>\n",
       "<style scoped>\n",
       "    .dataframe tbody tr th:only-of-type {\n",
       "        vertical-align: middle;\n",
       "    }\n",
       "\n",
       "    .dataframe tbody tr th {\n",
       "        vertical-align: top;\n",
       "    }\n",
       "\n",
       "    .dataframe thead th {\n",
       "        text-align: right;\n",
       "    }\n",
       "</style>\n",
       "<table border=\"1\" class=\"dataframe\">\n",
       "  <thead>\n",
       "    <tr style=\"text-align: right;\">\n",
       "      <th></th>\n",
       "      <th>mpg</th>\n",
       "      <th>cylinders</th>\n",
       "      <th>displacement</th>\n",
       "      <th>horsepower</th>\n",
       "      <th>weight</th>\n",
       "      <th>acceleration</th>\n",
       "      <th>year</th>\n",
       "      <th>origin</th>\n",
       "      <th>mpg01</th>\n",
       "    </tr>\n",
       "  </thead>\n",
       "  <tbody>\n",
       "    <tr>\n",
       "      <th>mpg</th>\n",
       "      <td>1.000000</td>\n",
       "      <td>-0.777618</td>\n",
       "      <td>-0.805127</td>\n",
       "      <td>-0.778427</td>\n",
       "      <td>-0.832244</td>\n",
       "      <td>0.423329</td>\n",
       "      <td>0.580541</td>\n",
       "      <td>0.565209</td>\n",
       "      <td>0.836939</td>\n",
       "    </tr>\n",
       "    <tr>\n",
       "      <th>cylinders</th>\n",
       "      <td>-0.777618</td>\n",
       "      <td>1.000000</td>\n",
       "      <td>0.950823</td>\n",
       "      <td>0.842983</td>\n",
       "      <td>0.897527</td>\n",
       "      <td>-0.504683</td>\n",
       "      <td>-0.345647</td>\n",
       "      <td>-0.568932</td>\n",
       "      <td>-0.759194</td>\n",
       "    </tr>\n",
       "    <tr>\n",
       "      <th>displacement</th>\n",
       "      <td>-0.805127</td>\n",
       "      <td>0.950823</td>\n",
       "      <td>1.000000</td>\n",
       "      <td>0.897257</td>\n",
       "      <td>0.932994</td>\n",
       "      <td>-0.543800</td>\n",
       "      <td>-0.369855</td>\n",
       "      <td>-0.614535</td>\n",
       "      <td>-0.753477</td>\n",
       "    </tr>\n",
       "    <tr>\n",
       "      <th>horsepower</th>\n",
       "      <td>-0.778427</td>\n",
       "      <td>0.842983</td>\n",
       "      <td>0.897257</td>\n",
       "      <td>1.000000</td>\n",
       "      <td>0.864538</td>\n",
       "      <td>-0.689196</td>\n",
       "      <td>-0.416361</td>\n",
       "      <td>-0.455171</td>\n",
       "      <td>-0.667053</td>\n",
       "    </tr>\n",
       "    <tr>\n",
       "      <th>weight</th>\n",
       "      <td>-0.832244</td>\n",
       "      <td>0.897527</td>\n",
       "      <td>0.932994</td>\n",
       "      <td>0.864538</td>\n",
       "      <td>1.000000</td>\n",
       "      <td>-0.416839</td>\n",
       "      <td>-0.309120</td>\n",
       "      <td>-0.585005</td>\n",
       "      <td>-0.757757</td>\n",
       "    </tr>\n",
       "    <tr>\n",
       "      <th>acceleration</th>\n",
       "      <td>0.423329</td>\n",
       "      <td>-0.504683</td>\n",
       "      <td>-0.543800</td>\n",
       "      <td>-0.689196</td>\n",
       "      <td>-0.416839</td>\n",
       "      <td>1.000000</td>\n",
       "      <td>0.290316</td>\n",
       "      <td>0.212746</td>\n",
       "      <td>0.346822</td>\n",
       "    </tr>\n",
       "    <tr>\n",
       "      <th>year</th>\n",
       "      <td>0.580541</td>\n",
       "      <td>-0.345647</td>\n",
       "      <td>-0.369855</td>\n",
       "      <td>-0.416361</td>\n",
       "      <td>-0.309120</td>\n",
       "      <td>0.290316</td>\n",
       "      <td>1.000000</td>\n",
       "      <td>0.181528</td>\n",
       "      <td>0.429904</td>\n",
       "    </tr>\n",
       "    <tr>\n",
       "      <th>origin</th>\n",
       "      <td>0.565209</td>\n",
       "      <td>-0.568932</td>\n",
       "      <td>-0.614535</td>\n",
       "      <td>-0.455171</td>\n",
       "      <td>-0.585005</td>\n",
       "      <td>0.212746</td>\n",
       "      <td>0.181528</td>\n",
       "      <td>1.000000</td>\n",
       "      <td>0.513698</td>\n",
       "    </tr>\n",
       "    <tr>\n",
       "      <th>mpg01</th>\n",
       "      <td>0.836939</td>\n",
       "      <td>-0.759194</td>\n",
       "      <td>-0.753477</td>\n",
       "      <td>-0.667053</td>\n",
       "      <td>-0.757757</td>\n",
       "      <td>0.346822</td>\n",
       "      <td>0.429904</td>\n",
       "      <td>0.513698</td>\n",
       "      <td>1.000000</td>\n",
       "    </tr>\n",
       "  </tbody>\n",
       "</table>\n",
       "</div>"
      ],
      "text/plain": [
       "                   mpg  cylinders  displacement  horsepower    weight  \\\n",
       "mpg           1.000000  -0.777618     -0.805127   -0.778427 -0.832244   \n",
       "cylinders    -0.777618   1.000000      0.950823    0.842983  0.897527   \n",
       "displacement -0.805127   0.950823      1.000000    0.897257  0.932994   \n",
       "horsepower   -0.778427   0.842983      0.897257    1.000000  0.864538   \n",
       "weight       -0.832244   0.897527      0.932994    0.864538  1.000000   \n",
       "acceleration  0.423329  -0.504683     -0.543800   -0.689196 -0.416839   \n",
       "year          0.580541  -0.345647     -0.369855   -0.416361 -0.309120   \n",
       "origin        0.565209  -0.568932     -0.614535   -0.455171 -0.585005   \n",
       "mpg01         0.836939  -0.759194     -0.753477   -0.667053 -0.757757   \n",
       "\n",
       "              acceleration      year    origin     mpg01  \n",
       "mpg               0.423329  0.580541  0.565209  0.836939  \n",
       "cylinders        -0.504683 -0.345647 -0.568932 -0.759194  \n",
       "displacement     -0.543800 -0.369855 -0.614535 -0.753477  \n",
       "horsepower       -0.689196 -0.416361 -0.455171 -0.667053  \n",
       "weight           -0.416839 -0.309120 -0.585005 -0.757757  \n",
       "acceleration      1.000000  0.290316  0.212746  0.346822  \n",
       "year              0.290316  1.000000  0.181528  0.429904  \n",
       "origin            0.212746  0.181528  1.000000  0.513698  \n",
       "mpg01             0.346822  0.429904  0.513698  1.000000  "
      ]
     },
     "execution_count": 3,
     "metadata": {},
     "output_type": "execute_result"
    }
   ],
   "source": [
    "# (b)\n",
    "\n",
    "Auto.corr(numeric_only=True)"
   ]
  }
 ],
 "metadata": {
  "kernelspec": {
   "display_name": ".venv",
   "language": "python",
   "name": "python3"
  },
  "language_info": {
   "codemirror_mode": {
    "name": "ipython",
    "version": 3
   },
   "file_extension": ".py",
   "mimetype": "text/x-python",
   "name": "python",
   "nbconvert_exporter": "python",
   "pygments_lexer": "ipython3",
   "version": "3.11.9"
  }
 },
 "nbformat": 4,
 "nbformat_minor": 2
}
